finalized events: 25416  trips: 1269  routes: 23
event span (UTC): 2026-08-22 17:48:00+00:00 .. 2026-08-22 21:28:57+00:00

=== OTP% and median delay by route x local hour (nyc) ===
route  hr  events   otp%  early%  med_s  p90_s
    1  14     525   91.0     2.7     76    280
    1  15     739   84.4     3.1     71    320
    1  16     766   84.1     2.7    106    348
    1  17     425   77.4     2.4     96    458
    1   -      63  100.0     0.0      0      0
    2  14     504   71.2    10.7    113    464
    2  15     696   83.9     4.6     75    334
    2  16     725   76.7    13.2     51    304
    2  17     395   76.5    14.7      4    264
    2   -      47   97.9     2.1      0      0
    3  14     289   73.0    24.9      0    152
    3  15     390   87.7     8.2     25    219
    3  16     398   78.1    18.6      1    185
    3  17     201   71.1    21.4     29    175
    3   -      38  100.0     0.0      0      0
    4  14     287   86.8    13.2      0    103
    4  15     409   83.4    13.2     11    148
    4  16     418   76.3    20.6      8    156
    4  17     220   64.1    31.8    -22    146
    4   -      52   92.3     7.7      0      0
    5  14     203   86.7     7.4     82    231
    5  15     281   74.0    10.3     73    374
    5  16     287   65.2    29.6     -2    256
    5  17     171   44.4    26.9      7    631
    5   -      39  100.0     0.0      0      0
    6  13      33  100.0     0.0      0      0
    6  14     408   75.2    18.1     10    201
    6  15     590   64.7    18.3     64    333
    6  16     581   75.7    19.6      5    170
    6  17     283   78.4    19.4     13    242
    6   -      64   75.0    25.0      0     60
    7  14     343   82.8    16.6    -20     74
    7  15     532   84.6    14.5    -20     67
    7  16     608   83.1    16.4    -17     88
    7  17     344   75.6    24.4    -20     42
    7   -      92   97.8     2.2      0      0
    A  14     276   71.7    27.5      0    110
    A  15     319   62.7    24.5     18    373
    A  16     378   73.0    19.3     58    235
    A  17     202   68.8    25.7     20    240
    C  14     294   87.1     6.1     68    252
    C  15     387   79.1     6.2    102    341
    C  16     407   82.6     2.7    140    356
    C  17     213   83.1     8.5    106    290
    D  14     282   33.7    57.1    -99    249
    D  15     335   32.8    63.6   -138     95
    D  16     370   40.5    43.0    -25    457
    D  17     195   42.6    48.7    -60    265
    E  14     155   81.9    18.1      9     72
    E  15     214   79.4    19.6      6    132
    E  16     222   84.7    12.6     71    215
    E  17     114   71.1    18.4     62    301
    F  14     283   53.7    10.6     66    636
    F  15     480   47.9     6.7    210    715
    F  16     494   55.1     3.6    130    606
    F  17     249   50.6     6.4    200    676
   FS  14      33   97.0     3.0      0     12
   FS  15      48   79.2    20.8      0     17
   FS  16      48   95.8     2.1      0    209
   FS  17      24   95.8     4.2      0     60
    G  14      87   40.2    57.5   -144    164
    G  15     117   32.5    54.7   -120    317
    G  16     116   36.2    56.0   -573    226
    G  17      54   38.9    55.6   -348    257
   GS  15      24  100.0     0.0      0      0
   GS  16      25  100.0     0.0    -32     14
   GS   -      76  100.0     0.0      0      0
    H  14      50   72.0    28.0     -5     42
    H  15      68   77.9    10.3      2    305
    H  16      69   72.5    27.5    -10    100
    H  17      30   56.7    43.3    -32     50
    J  14     323   60.1    38.1    -10    185
    J  15     387   66.4    29.5    -12    216
    J  16     387   72.4    13.4     50    339
    J  17     241   55.6    29.5    -10    395
    L  14     181   95.6     4.4     19    102
    L  15     261   99.6     0.4     36    116
    L  16     264   99.6     0.4     51    165
    L  17     134   97.0     3.0     68    147
    L   -      24    0.0   100.0    -90    -90
    M  14     136   82.4     5.9    108    317
    M  15     194   78.9     8.8     60    354
    M  16     241   66.8    23.2      0    280
    M  17     123   79.7    13.8     55    210
    N  14     158   37.3    53.2    -72    292
    N  15     199   42.2    52.8    -72    182
    N  16     200   46.5    45.0    -15    226
    N  17     116   33.6    57.8   -142    240
    Q  14     217   58.1    17.1    108    523
    Q  15     311   60.5    13.5    152    542
    Q  16     292   55.1    22.9    132    441
    Q  17     183   48.1    13.1    215    629
    R  14     312   50.3    45.5    -45    131
    R  15     402   51.7    48.3    -58    122
    R  16     417   62.1    30.5      7    223
    R  17     229   70.7    23.6      5    270
   SI  14      54   87.0    11.1    -26     84
   SI  15      87   79.3    16.1     -1    100
   SI  16      81   71.6    22.2    -16    184
   SI  17      43   67.4     2.3    108    322

=== route rollup ===
('1', 2518, 84.9, 83, 22.2, 1.0)
('2', 2375, 78.1, 58, 26.1, 1.0)
('3', 1316, 79.4, 8, 20.9, 1.0)
('4', 1386, 79.2, 0, 16.9, 0.99)
('5', 981, 69.9, 32, 16.0, 1.0)
('6', 1959, 73.1, 10, 15.8, 0.83)
('7', 1919, 82.8, -20, 7.0, 0.89)
('A', 1175, 69.2, 25, 19.5, 1.0)
('C', 1301, 82.6, 107, 19.7, 1.0)
('D', 1182, 37.1, -82, 24.0, 0.9)
('E', 705, 80.3, 22, 16.0, 1.0)
('F', 1506, 51.8, 160, 25.5, 0.98)
('FS', 153, 90.8, 0, 3.6, 1.0)
('G', 374, 36.4, -144, 10.9, 0.73)
('GS', 152, 99.3, 0, 1.7, 1.0)
('H', 217, 71.9, -5, 8.5, 1.0)
('J', 1338, 64.6, 0, 18.8, 1.0)
('L', 864, 95.6, 42, 10.6, 0.7)
('M', 694, 75.5, 60, 10.3, 0.97)
('N', 673, 40.9, -72, 14.0, 0.77)
('Q', 1003, 56.1, 147, 20.1, 0.72)
('R', 1360, 57.8, -20, 24.2, 0.88)
('SI', 265, 76.6, 0, 12.7, 0.9)

=== 10 sample finalized stop events (spot-check vs live tracker) ===
trip 090250_6..S            rt  6S stop 23 St-Baruch College [634S seq 32] sched 15:52:30 actual 15:56:47 delay +257s on_time (conf 0.7, 19 preds)
trip 098250_A..N54R         rt  AN stop Broadway Junction [A51N seq 9] sched 16:36:30 actual 16:38:40 delay +130s on_time (conf 1.0, 16 preds)
trip 091100_A..N55R         rt  AN stop Fulton St [A38N seq 22] sched 16:04:30 actual 16:07:37 delay +187s on_time (conf 1.0, 26 preds)
trip 091050_7..S            rt  7S stop 5 Av [724S seq 20] sched 15:44:00 actual 15:40:47 delay -193s early (conf 0.9, 6 preds)
trip 095300_E..S69R         rt  ES stop Forest Hills-71 Av [G08S seq 7] sched 16:04:00 actual 16:06:20 delay +140s on_time (conf 1.0, 17 preds)
trip 086750_1..S03R         rt  1S stop 145 St [114S seq 12] sched 14:44:30 actual 14:47:06 delay +156s on_time (conf 1.0, 14 preds)
trip 084950_A..S58R         rt  AS stop 14 St [A31S seq 12] sched 14:39:00 actual 14:39:18 delay +18s on_time (conf 1.0, 13 preds)
trip 092700_7..N            rt  7N stop 40 St-Lowery St [715N seq 10] sched 15:45:30 actual 15:45:12 delay -18s on_time (conf 0.9, 6 preds)
trip 090900_E..N72R         rt  EN stop Jamaica-Van Wyck [G07N seq 20] sched 15:52:00 actual 15:52:02 delay +2s on_time (conf 1.0, 18 preds)
trip 092600_3..N01R         rt  3N stop 135 St [224N seq 32] sched 16:27:00 actual 16:26:44 delay -16s on_time (conf 1.0, 43 preds)
